image: E1-5F.pgm
resolution: 0.050000
origin: [-7.404882, -5.943312, 0.000000]
negate: 0
occupied_thresh: 0.65
free_thresh: 0.196

